4 0.2633010882708585 0.12318220701454234 0.45163240628778717 0.09580838323353294
4 0.7303506650544136 0.13857998289136014 0.4183796856106409 0.12318220701454234
4 0.7445586457073761 0.2375962360992301 0.4407496977025393 0.0611633875106929
4 0.26451027811366384 0.21086398631308811 0.45163240628778717 0.06159110350727117
4 0.2639056831922612 0.3026090675791275 0.45042321644498184 0.05859709153122327
4 0.2681378476420798 0.3736099230111206 0.4588875453446191 0.05945252352437981
4 0.7360943168077388 0.3085970915312233 0.4347037484885127 0.06030795551753636
4 0.742744860943168 0.3887938408896493 0.45163240628778717 0.07613344739093242
4 0.7421402660217654 0.48246364414029086 0.4419588875453446 0.09923011120615911
4 0.7366989117291415 0.5558169375534645 0.43349455864570735 0.035500427715996576
4 0.26541717049576785 0.5479041916167665 0.4534461910519952 0.15055603079555174
4 0.25725513905683195 0.43969204448246363 0.4419588875453446 0.04961505560307956
5 0.48639661426844016 0.63366124893071 0.8917775090689238 0.0106928999144568
5 0.4912333736396614 0.6595380667236954 0.8990326481257558 0.02480752780153978
5 0.42533252720677145 0.6841317365269461 0.7732769044740024 0.013259195893926433
4 0.186819830713422 0.9249358426005133 0.29866989117291415 0.09195893926432848
4 0.5208585247883918 0.8952095808383234 0.3210399032648126 0.07271171941830624
4 0.5223700120918985 0.9516680923866553 0.31559854897218864 0.03849443969204448
4 0.847037484885127 0.8847305389221557 0.2889963724304716 0.05175363558597092
