4 0.29274193548387095 0.19840364880273662 0.40161290322580645 0.07867730900798175
4 0.26814516129032256 0.2588369441277081 0.3524193548387097 0.04104903078677309
4 0.2770161290322581 0.2950399087799316 0.37016129032258066 0.027936145952109463
4 0.2907258064516129 0.34891676168757124 0.3943548387096774 0.07411630558722919
4 0.2971774193548387 0.4749144811858609 0.40403225806451615 0.16989737742303307
4 0.29354838709677417 0.6108893956670467 0.4 0.10205245153933866
4 0.7729838709677419 0.2217787913340935 0.3717741935483871 0.11858608893956671
2 0.9028225806451613 0.9227480045610034 0.11854838709677419 0.08608893956670467
2 0.04516129032258064 0.3377993158494869 0.054838709677419356 0.05758266818700114
4 0.7012096774193548 0.29817559863169896 0.22983870967741934 0.037628278221208664
4 0.7653225806451613 0.33808437856328394 0.3548387096774194 0.04218928164196123
4 0.744758064516129 0.3936716077537058 0.31693548387096776 0.07126567844925884
4 0.742741935483871 0.4657924743443558 0.3161290322580645 0.053591790193842644
4 0.7649193548387097 0.5364880273660205 0.3540322580645161 0.07297605473204105
4 0.7709677419354839 0.620866590649943 0.36935483870967745 0.07183580387685291
4 0.5790322580645161 0.8098631698973774 0.28225806451612906 0.05872291904218928
4 0.5814516129032258 0.8680159635119726 0.28225806451612906 0.04389965792474344
