0 0.7532258064516129 0.7602622576966933 0.4435483870967742 0.36887115165336376
4 0.26411290322580644 0.14481185860889395 0.4717741935483871 0.2611174458380844
4 0.26653225806451614 0.5533067274800456 0.47338709677419355 0.5444697833523375
4 0.25725806451612904 0.8768529076396807 0.45806451612903226 0.07183580387685291
5 0.4907258064516129 0.9686431014823261 0.6685483870967742 0.018244013683010263
5 0.25806451612903225 0.0766818700114025 0.45483870967741935 0.03819840364880274
5 0.2629032258064516 0.11545039908779932 0.4612903225806452 0.026795895096921322
5 0.2592741935483871 0.15621436716077536 0.45403225806451614 0.043329532497149374
5 0.2629032258064516 0.3221208665906499 0.4612903225806452 0.026225769669327253
5 0.2661290322580645 0.8027366020524516 0.4629032258064516 0.037628278221208664
