4 0.2669286577992745 0.1347305389221557 0.45163240628778717 0.07698887938408897
4 0.26844014510278114 0.21343028229255775 0.4570737605804111 0.06330196749358426
4 0.26148730350665056 0.30367835757057315 0.4492140266021765 0.06244653550042772
4 0.2660217654171705 0.37553464499572287 0.4558645707376058 0.0641573994867408
4 0.2539298669891173 0.4388366124893071 0.4365175332527207 0.04875962360992301
4 0.2626964933494559 0.5562446535500428 0.4492140266021765 0.1313088109495295
4 0.7345828295042321 0.14692044482463645 0.4195888754534462 0.10136869118905047
4 0.7463724304715841 0.240590248075278 0.4492140266021765 0.0671514114627887
4 0.7394195888754534 0.31137724550898205 0.43530834340991537 0.06244653550042772
4 0.7463724304715841 0.38922155688622756 0.4492140266021765 0.08212147134302823
4 0.7400241837968561 0.4914456800684346 0.4449818621523579 0.0718562874251497
