4 0.18440145102781136 0.9260051325919589 0.29383313180169285 0.0932420872540633
4 0.5066505441354293 0.9520958083832335 0.2974607013301088 0.041060735671514116
4 0.5181378476420798 0.8905047048759623 0.32285368802902054 0.06501283147989735
4 0.8440145102781137 0.886655260906758 0.29020556227327693 0.05731394354148845
4 0.26360338573155984 0.13259195893926431 0.4498186215235792 0.07356715141146279
4 0.7303506650544136 0.14713430282292558 0.4183796856106409 0.1009409751924722
4 0.7436517533252721 0.23952095808383234 0.4449818621523579 0.06159110350727117
4 0.7388149939540508 0.3092386655260907 0.44014510278113667 0.06244653550042772
4 0.7448609431680774 0.3896492728828058 0.44740024183796856 0.07784431137724551
4 0.7406287787182587 0.4820359281437126 0.4365175332527207 0.0949529512403764
4 0.7363966142684402 0.5560307955517536 0.4280532043530834 0.03934987168520103
4 0.26360338573155984 0.21086398631308811 0.4498186215235792 0.06244653550042772
4 0.2642079806529625 0.30367835757057315 0.45102781136638453 0.06159110350727117
4 0.2660217654171705 0.37425149700598803 0.45223700120918986 0.05902480752780154
4 0.2545344619105199 0.43798118049615054 0.4316807738814994 0.04448246364414029
4 0.2623941958887545 0.5436270316509837 0.4449818621523579 0.14798973481608213
5 0.4873035066505441 0.6325919589392643 0.8923821039903265 0.01454234388366125
5 0.48972188633615477 0.6599657827202737 0.9020556227327691 0.02480752780153978
5 0.4280532043530834 0.6852010265183918 0.7762998790810157 0.013686911890504704
