2 0.8963709677419355 0.9241733181299886 0.11854838709677419 0.08779931584948689
4 0.28951612903225804 0.20096921322690992 0.3967741935483871 0.07924743443557583
4 0.2657258064516129 0.26083238312428736 0.34919354838709676 0.04047890535917902
4 0.2737903225806452 0.29646522234891676 0.3685483870967742 0.028506271379703536
4 0.2879032258064516 0.3520524515393387 0.3967741935483871 0.07810718358038768
4 0.2875 0.4161915621436716 0.392741935483871 0.05473204104903079
4 0.28951612903225804 0.47633979475484606 0.3967741935483871 0.17046750285062715
4 0.2879032258064516 0.6157354618015963 0.3967741935483871 0.10148232611174458
4 0.7705645161290322 0.6240022805017104 0.3685483870967742 0.07468643101482327
4 0.7637096774193548 0.5376282782212086 0.3548387096774194 0.07411630558722919
4 0.7423387096774193 0.46664766248574685 0.3233870967741935 0.053021664766248575
4 0.7435483870967742 0.3979475484606613 0.317741935483871 0.06841505131128849
4 0.7629032258064516 0.338939566704675 0.3564516129032258 0.03477765108323831
4 0.7016129032258065 0.30045610034207526 0.23548387096774193 0.03876852907639681
4 0.7709677419354839 0.21265678449258837 0.3725806451612903 0.10034207525655645
