4 0.18467741935483872 0.21351197263397947 0.2806451612903226 0.04503990877993159
4 0.18508064516129033 0.30273660205245156 0.28951612903225804 0.13568985176738882
4 0.18387096774193548 0.4409920182440137 0.3 0.13968072976054732
4 0.18911290322580646 0.6356898517673888 0.29596774193548386 0.2519954389965792
4 0.18306451612903227 0.8107183580387686 0.29838709677419356 0.10262257696693272
4 0.18467741935483872 0.8902508551881414 0.2870967741935484 0.056442417331812995
4 0.18467741935483872 0.943842645381984 0.29193548387096774 0.053021664766248575
4 0.4939516129032258 0.2559863169897377 0.2879032258064516 0.13112884834663627
4 0.4939516129032258 0.3993728620296465 0.29435483870967744 0.16020524515393386
4 0.4931451612903226 0.5219498289623717 0.28951612903225804 0.0895096921322691
4 0.4959677419354839 0.620866590649943 0.29516129032258065 0.10148232611174458
4 0.4967741935483871 0.7767958950969214 0.2967741935483871 0.21151653363740022
4 0.49838709677419357 0.9244583808437856 0.2967741935483871 0.0815279361459521
4 0.8080645161290323 0.9141961231470923 0.2967741935483871 0.09977194982896237
4 0.8008064516129032 0.7913340935005702 0.2887096774193548 0.1516533637400228
4 0.8008064516129032 0.6647662485746865 0.2854838709677419 0.10148232611174458
4 0.802016129032258 0.5792474344355758 0.2911290322580645 0.07297605473204105
4 0.8040322580645162 0.4925883694412771 0.29838709677419356 0.10376282782212087
4 0.8016129032258065 0.39139110604332955 0.2870967741935484 0.10091220068415051
4 0.8056451612903226 0.2653933865450399 0.29838709677419356 0.15450399087799316
2 0.14596774193548387 0.08637400228050171 0.2032258064516129 0.169327251995439
