4 0.2915322580645161 0.19726339794754846 0.3959677419354839 0.07753705815279362
4 0.2770161290322581 0.2725199543899658 0.36693548387096775 0.06727480045610035
4 0.2887096774193548 0.34948688711516535 0.3935483870967742 0.08095781071835804
4 0.2915322580645161 0.47120866590649946 0.39919354838709675 0.17274800456100342
4 0.29193548387096774 0.612884834663626 0.3951612903225806 0.10604332953249715
4 0.771774193548387 0.621436716077537 0.38064516129032255 0.07411630558722919
4 0.7661290322580645 0.5373432155074116 0.3596774193548387 0.0815279361459521
4 0.739516129032258 0.46322690992018245 0.31290322580645163 0.053021664766248575
4 0.7443548387096774 0.3942417331812999 0.31451612903225806 0.07240592930444698
4 0.7661290322580645 0.3403648802736602 0.3629032258064516 0.037628278221208664
4 0.7725806451612903 0.2129418472063854 0.3758064516129032 0.10661345496009123
4 0.7012096774193548 0.2958950969213227 0.23629032258064517 0.03876852907639681
4 0.5770161290322581 0.80672748004561 0.2782258064516129 0.06043329532497149
4 0.5778225806451613 0.8663055872291904 0.2782258064516129 0.04732041049030787
4 0.19919354838709677 0.8161345496009123 0.31290322580645163 0.033637400228050174
4 0.1782258064516129 0.8492018244013683 0.27903225806451615 0.03249714937286203
4 0.16532258064516128 0.8928164196123147 0.24193548387096775 0.04903078677309008
4 0.17298387096774193 0.943557582668187 0.26370967741935486 0.046750285062713795
2 0.9008064516129032 0.9233181299885975 0.10806451612903226 0.07696693272519954
