2 0.2342741935483871 0.0895096921322691 0.43951612903225806 0.10034207525655645
2 0.7721774193548387 0.06271379703534778 0.06693548387096775 0.05473204104903079
2 0.8608870967741935 0.062428734321550744 0.08306451612903226 0.05758266818700114
2 0.8604838709677419 0.11630558722919042 0.08709677419354839 0.05017103762827822
2 0.7725806451612903 0.11630558722919042 0.08064516129032258 0.055872291904218926
0 0.34758064516129034 0.2055302166476625 0.6790322580645162 0.0952109464082098
0 0.7991935483870968 0.20381984036488027 0.267741935483871 0.10775370581527936
0 0.4681451612903226 0.2790763968072976 0.9185483870967742 0.05416191562143672
0 0.46774193548387094 0.34948688711516535 0.9193548387096774 0.08665906499429875
0 0.2411290322580645 0.6108893956670467 0.4645161290322581 0.4361459521094641
0 0.6967741935483871 0.6103192702394526 0.45806451612903226 0.4429874572405929
