2 0.10927419354838709 0.02765108323831243 0.21370967741935484 0.05188141391106044
3 0.02903225806451613 0.47605473204104903 0.03870967741935484 0.12428734321550741
4 0.3 0.3201254275940707 0.3935483870967742 0.0701254275940707
4 0.2955645161290323 0.38568985176738885 0.3959677419354839 0.04732041049030787
4 0.30201612903225805 0.4600912200684151 0.40080645161290324 0.07981755986316989
4 0.3008064516129032 0.5592930444697833 0.4 0.10262257696693272
4 0.29838709677419356 0.6887115165336374 0.3903225806451613 0.13568985176738882
4 0.7443548387096774 0.29304446978335236 0.3919354838709677 0.09007981755986318
4 0.7520161290322581 0.4047890535917902 0.40080645161290324 0.12428734321550741
4 0.7467741935483871 0.50769669327252 0.3935483870967742 0.07126567844925884
