4 0.2929262394195889 0.43006843455945254 0.5060459492140266 0.13558597091531224
4 0.2877871825876663 0.5233105218135158 0.49818621523579204 0.04491017964071856
4 0.28355501813784767 0.5669375534644996 0.501813784764208 0.04662104362703165
4 0.28990326481257556 0.6067151411462789 0.5 0.030367835757057315
4 0.29353083434099153 0.7472198460222412 0.507255139056832 0.14285714285714285
4 0.2914147521160822 0.8562874251497006 0.5054413542926239 0.06501283147989735
4 0.29050785973397825 0.9326347305389222 0.507255139056832 0.08169375534644996
4 0.28869407496977023 0.10158254918733961 0.5 0.05517536355859709
4 0.2892986698911729 0.19632164242942687 0.4987908101571947 0.11633875106929
0 0.15386940749697703 0.2934131736526946 0.23397823458282951 0.0641573994867408
0 0.752720677146312 0.4174508126603935 0.3615477629987908 0.6253207869974337
2 0.8022974607013301 0.031864841745081265 0.3313180169286578 0.027801539777587682
