4 0.28588709677419355 0.34749144811858607 0.3911290322580645 0.07810718358038768
4 0.6951612903225807 0.2967502850627138 0.22903225806451613 0.037058152793614595
4 0.757258064516129 0.3372291904218928 0.3467741935483871 0.03819840364880274
4 0.7088709677419355 0.37770809578107184 0.24838709677419354 0.037058152793614595
4 0.7387096774193549 0.4130558722919042 0.3096774193548387 0.026795895096921322
4 0.7379032258064516 0.46265678449258835 0.31129032258064515 0.04732041049030787
4 0.7600806451612904 0.5359179019384265 0.3524193548387097 0.07297605473204105
4 0.7673387096774194 0.620581527936146 0.37338709677419357 0.07696693272519954
4 0.2854838709677419 0.6185860889395667 0.39838709677419354 0.08437856328392246
4 0.2879032258064516 0.475769669327252 0.3951612903225806 0.17160775370581527
4 0.2737903225806452 0.27137970353477764 0.3717741935483871 0.07183580387685291
4 0.2862903225806452 0.1966932725199544 0.3967741935483871 0.08095781071835804
