0 0.7600806451612904 0.757981755986317 0.4459677419354839 0.3677309007981756
4 0.2657258064516129 0.06442417331812998 0.4588709677419355 0.06157354618015964
4 0.26895161290322583 0.11602052451539338 0.4685483870967742 0.027936145952109463
4 0.26491935483870965 0.15535917901938426 0.45403225806451614 0.04503990877993159
4 0.2709677419354839 0.23660205245153934 0.4661290322580645 0.07297605473204105
4 0.26814516129032256 0.3181299885974915 0.4669354838709677 0.029646522234891677
4 0.2713709677419355 0.36488027366020526 0.47338709677419355 0.05815279361459521
4 0.2709677419354839 0.43415051311288483 0.47419354838709676 0.06898517673888255
4 0.2564516129032258 0.5205245153933865 0.4435483870967742 0.09122006841505131
4 0.2629032258064516 0.628563283922463 0.44516129032258067 0.1145952109464082
4 0.2629032258064516 0.7163625997719498 0.4612903225806452 0.05758266818700114
4 0.24516129032258063 0.7614025085518814 0.42096774193548386 0.027936145952109463
4 0.26895161290322583 0.798745724059293 0.4782258064516129 0.043329532497149374
4 0.2717741935483871 0.8728620296465223 0.4629032258064516 0.06841505131128849
