0 0.8810483870967742 0.2491448118586089 0.19596774193548386 0.4218928164196123
4 0.11774193548387096 0.734321550741163 0.22741935483870968 0.44241733181299886
2 0.969758064516129 0.5624287343215507 0.05725806451612903 0.12143671607753706
2 0.21048387096774193 0.41590649942987457 0.07741935483870968 0.07696693272519954
2 0.20483870967741935 0.20267958950969214 0.06451612903225806 0.04732041049030787
2 0.2064516129032258 0.0766818700114025 0.06451612903225806 0.05986316989737742
2 0.2056451612903226 0.14310148232611175 0.06290322580645161 0.06157354618015964
2 0.2056451612903226 0.257981755986317 0.07096774193548387 0.04846066134549601
2 0.2028225806451613 0.30843785632839227 0.06048387096774194 0.043329532497149374
2 0.21048387096774193 0.3526225769669327 0.05 0.033637400228050174
2 0.7254032258064517 0.9062143671607754 0.08951612903225807 0.07924743443557583
2 0.8528225806451613 0.9144811858608894 0.055645161290322584 0.04561003420752566
