0 0.2939516129032258 0.250285062713797 0.4137096774193548 0.28278221208665905
0 0.2963709677419355 0.5379133409350056 0.4056451612903226 0.2377423033067275
0 0.29758064516129035 0.7725199543899658 0.4064516129032258 0.19156214367160776
5 0.7274193548387097 0.14082098061573547 0.3403225806451613 0.027366020524515394
5 0.6971774193548387 0.1622006841505131 0.27983870967741936 0.010832383124287344
5 0.7362903225806452 0.18358038768529075 0.35161290322580646 0.02508551881413911
5 0.744758064516129 0.21066134549600912 0.3685483870967742 0.02451539338654504
5 0.7431451612903226 0.24885974914481185 0.3975806451612903 0.04389965792474344
5 0.7431451612903226 0.3460661345496009 0.3975806451612903 0.03876852907639681
5 0.7415322580645162 0.3922462941847206 0.40080645161290324 0.053591790193842644
5 0.7491935483870967 0.508551881413911 0.3774193548387097 0.039908779931584946
5 0.7475806451612903 0.5584378563283923 0.38064516129032255 0.05188141391106044
5 0.7431451612903226 0.613169897377423 0.36532258064516127 0.05188141391106044
5 0.7459677419354839 0.6579247434435576 0.3741935483870968 0.027366020524515394
4 0.29435483870967744 0.8349486887115165 0.3903225806451613 0.06100342075256556
4 0.2899193548387097 0.47633979475484606 0.3959677419354839 0.07126567844925884
4 0.29435483870967744 0.5419042189281642 0.3967741935483871 0.046180159635119726
