4 0.2653225806451613 0.1322690992018244 0.4532258064516129 0.07753705815279362
4 0.7258064516129032 0.14709236031927023 0.41935483870967744 0.10034207525655645
4 0.742741935483871 0.23717217787913342 0.4435483870967742 0.06157354618015964
4 0.7370967741935484 0.30843785632839227 0.432258064516129 0.05815279361459521
4 0.7443548387096774 0.3882554161915621 0.45 0.07867730900798175
4 0.7411290322580645 0.4925883694412771 0.4403225806451613 0.07981755986316989
4 0.2645161290322581 0.5553021664766249 0.45483870967741935 0.12998859749144812
4 0.26370967741935486 0.217787913340935 0.4532258064516129 0.04104903078677309
4 0.26370967741935486 0.30387685290763966 0.4467741935483871 0.05815279361459521
4 0.2653225806451613 0.3734321550741163 0.45 0.05815279361459521
4 0.25564516129032255 0.4361459521094641 0.4306451612903226 0.046750285062713795
