2 0.22620967741935483 0.08979475484606614 0.19596774193548386 0.05872291904218928
2 0.17419354838709677 0.0903648802736602 0.06612903225806452 0.042759407069555305
5 0.27580645161290324 0.20980615735461802 0.3096774193548387 0.01710376282782212
5 0.4870967741935484 0.23916761687571267 0.7322580645161291 0.030216647662485746
4 0.49516129032258066 0.2881984036488027 0.7516129032258064 0.05530216647662486
4 0.49274193548387096 0.3563283922462942 0.7387096774193549 0.06955530216647662
5 0.49274193548387096 0.4127708095781072 0.7435483870967742 0.03078677309007982
4 0.482258064516129 0.4546750285062714 0.7258064516129032 0.046180159635119726
5 0.47419354838709676 0.49144811858608894 0.7096774193548387 0.018244013683010263
5 0.3959677419354839 0.5128278221208666 0.5467741935483871 0.01653363740022805
0 0.49879032258064515 0.7143671607753705 0.7637096774193548 0.3295324971493729
