4 0.2722086389568052 0.11622554660529344 0.3863080684596577 0.05753739930955121
4 0.2762836185819071 0.19735327963176064 0.3960880195599022 0.07479861910241657
4 0.27424612876935617 0.29228998849252014 0.39690301548492257 0.07364787111622555
4 0.267318663406683 0.3947065592635213 0.3830480847595762 0.09436133486766399
4 0.25224123879380606 0.5126582278481012 0.3512632436837816 0.1001150747986191
4 0.27506112469437655 0.6058688147295742 0.39690301548492257 0.04487917146144994
4 0.27424612876935617 0.6996547756041427 0.3952730236348818 0.10356731875719218
4 0.2713936430317848 0.7894131185270425 0.39119804400978 0.04833141542002301
4 0.26405867970660146 0.8613348676639816 0.3797881010594947 0.05178365937859609
4 0.2632436837815811 0.9298043728423475 0.37489812550937246 0.04833141542002301
4 0.6972290138549307 0.8883774453394706 0.39853300733496333 0.05523590333716916
4 0.6951915240423798 0.8199079401611047 0.3928280358598207 0.05868814729574223
4 0.6960065199674002 0.7474108170310702 0.39445802770986144 0.05638665132336018
4 0.7053789731051344 0.6668584579976985 0.41157294213528933 0.07710011507479862
4 0.6792991035044825 0.4902186421173763 0.35778321108394456 0.04833141542002301
4 0.706601466992665 0.5736478711162255 0.4091279543602282 0.07710011507479862
4 0.7061939690301549 0.39643268124280784 0.4132029339853301 0.1001150747986191
4 0.7114914425427873 0.29171461449942465 0.4254278728606357 0.07940161104718067
4 0.6968215158924206 0.19850402761795166 0.39119804400978 0.07940161104718067
4 0.7025264873675632 0.11680092059838895 0.4042379788101059 0.05408515535097814
