4 0.248186215235792 0.07549187339606502 0.42019347037484883 0.1176218990590248
4 0.721584038694075 0.07335329341317365 0.43833131801692865 0.0979469632164243
4 0.7246070133010882 0.18840889649272882 0.4443772672309553 0.111633875106929
4 0.7276299879081015 0.2683917878528657 0.4480048367593712 0.043199315654405476
4 0.2560459492140266 0.17728828058169377 0.4286577992744861 0.05859709153122327
4 0.2584643288996372 0.26411462788708295 0.43107617896009676 0.09452523524379812
4 0.25725513905683195 0.38622754491017963 0.44316807738814995 0.12574850299401197
4 0.7246070133010882 0.41894781864841746 0.4371221281741233 0.2356715141146279
4 0.7312575574365175 0.6214713430282293 0.45525997581620314 0.1437125748502994
4 0.25241837968561065 0.5066295979469632 0.42623941958887546 0.09452523524379812
4 0.2651148730350665 0.5887510692899914 0.4467956469165659 0.06287425149700598
4 0.2584643288996372 0.6742942686056459 0.43833131801692865 0.10821214713430283
4 0.25967351874244254 0.7985457656116339 0.44316807738814995 0.13515825491873396
4 0.2548367593712213 0.9142429426860564 0.43107617896009676 0.07228400342172797
4 0.7185610640870617 0.8937125748502994 0.42986698911729143 0.053464499572284004
4 0.7258162031438936 0.7882805816937554 0.4419588875453446 0.14884516680923868
4 0.7131197097944377 0.7035928143712575 0.42140266021765416 0.01710863986313088
