5 0.49551752241238795 0.1340621403912543 0.9127954360228199 0.05408515535097814
5 0.4930725346373268 0.18757192174913695 0.9176854115729421 0.05293440736478711
5 0.36797066014669927 0.2289988492520138 0.6674816625916871 0.02991944764096663
5 0.5004074979625102 0.2710011507479862 0.9356153219233904 0.05178365937859609
5 0.4649551752241239 0.310126582278481 0.8647106764466178 0.028768699654775604
5 0.37856560717196414 0.33716915995397007 0.687041564792176 0.02761795166858458
5 0.4058679706601467 0.36421173762945913 0.7416462917685411 0.031070195627157654
4 0.49837000814995924 0.4142692750287687 0.9266503667481663 0.0805523590333717
4 0.5040749796251018 0.4953970080552359 0.9364303178484108 0.08630609896432681
5 0.5061124694376528 0.5638665132336018 0.9421352893235534 0.05523590333716916
5 0.32966585167074164 0.6018411967779056 0.5925020374898126 0.03222094361334868
5 0.4959250203748981 0.6432681242807825 0.921760391198044 0.05293440736478711
4 0.49755501222493886 0.7209436133486766 0.9250203748981255 0.1093210586881473
4 0.5024449877750611 0.8400460299194477 0.9380603096984516 0.142692750287687
5 0.47962510187449064 0.9355581127733027 0.8940505297473512 0.05293440736478711
