4 0.7303506650544136 0.13558597091531224 0.4147521160822249 0.12489307100085544
4 0.7451632406287787 0.2375962360992301 0.4443772672309553 0.0611633875106929
4 0.7403264812575574 0.3100940975192472 0.4347037484885127 0.06330196749358426
4 0.7457678355501813 0.389863130881095 0.44316807738814995 0.07656116338751069
4 0.7418379685610641 0.4820359281437126 0.437726723095526 0.09409751924721985
4 0.7333736396614269 0.5556030795551754 0.42926239419588874 0.037639007698887936
4 0.2633010882708585 0.12211291702309666 0.4455864570737606 0.0979469632164243
4 0.2639056831922612 0.21086398631308811 0.45042321644498184 0.06330196749358426
4 0.26148730350665056 0.3045337895637297 0.4419588875453446 0.06244653550042772
4 0.26451027811366384 0.3740376390076989 0.45163240628778717 0.06458511548331908
4 0.25634824667472794 0.43798118049615054 0.437726723095526 0.04961505560307956
4 0.2599758162031439 0.545551753635586 0.4449818621523579 0.15355004277159967
5 0.4870012091898428 0.6325919589392643 0.8966142684401451 0.01454234388366125
5 0.4876058041112455 0.6597519247219846 0.9087061668681983 0.027801539777587682
5 0.4265417170495768 0.6845594525235243 0.7756952841596131 0.015825491873396064
4 0.18621523579201935 0.9257912745936698 0.2950423216444982 0.0902480752780154
4 0.5244860943168077 0.897775876817793 0.31983071342200725 0.07356715141146279
4 0.50453446191052 0.9538066723695466 0.3004836759371221 0.04448246364414029
4 0.8476420798065296 0.8838751069289992 0.2877871825876663 0.053464499572284004
