4 0.24214026602176542 0.08126603934987169 0.4117291414752116 0.1086398631308811
4 0.2551390568319226 0.17792985457656116 0.43409915356711004 0.06159110350727117
4 0.25241837968561065 0.26411462788708295 0.4322853688029021 0.09538066723695467
4 0.2593712212817412 0.38451668092386654 0.44014510278113667 0.1223267750213858
4 0.2539298669891173 0.5055603079555175 0.4316807738814994 0.09666381522668947
4 0.2626964933494559 0.5887510692899914 0.4492140266021765 0.06458511548331908
4 0.25967351874244254 0.6766467065868264 0.4467956469165659 0.10692899914456801
4 0.2593712212817412 0.8013259195893926 0.4534461910519952 0.1364414029084688
4 0.2578597339782346 0.9146706586826348 0.4455864570737606 0.07998289136013687
4 0.716142684401451 0.8934987168520102 0.43349455864570735 0.06073567151411463
4 0.721584038694075 0.789349871685201 0.4443772672309553 0.15098374679213003
4 0.7291414752116082 0.6214713430282293 0.45949214026602175 0.1454234388366125
4 0.7212817412333736 0.41894781864841746 0.4316807738814994 0.23909324208725408
4 0.7212817412333736 0.2102224123182207 0.44014510278113667 0.15868263473053892
4 0.7230955259975816 0.07463644140290847 0.4437726723095526 0.09538066723695467
