4 0.2923387096774194 0.1975484606613455 0.3975806451612903 0.07810718358038768
4 0.2786290322580645 0.27309007981755984 0.36532258064516127 0.07297605473204105
4 0.2939516129032258 0.3492018244013683 0.40080645161290324 0.0815279361459521
4 0.2903225806451613 0.4734891676168757 0.4 0.17388825541619157
4 0.2923387096774194 0.6117445838084379 0.3975806451612903 0.10376282782212087
4 0.7709677419354839 0.21892816419612315 0.36935483870967745 0.11858608893956671
4 0.7028225806451613 0.2967502850627138 0.22983870967741934 0.04047890535917902
4 0.7645161290322581 0.3372291904218928 0.3564516129032258 0.04161915621436716
4 0.742741935483871 0.39139110604332955 0.3209677419354839 0.07696693272519954
4 0.7463709677419355 0.4646522234891676 0.31693548387096776 0.055872291904218926
4 0.7661290322580645 0.5359179019384265 0.3564516129032258 0.07867730900798175
4 0.7725806451612903 0.6200114025085519 0.36612903225806454 0.07810718358038768
