2 0.4840047393364929 0.16722296395193592 0.38981042654028436 0.07009345794392523
0 0.49170616113744076 0.7740320427236315 0.9312796208530806 0.3411214953271028
2 0.5118483412322274 0.9662883845126836 0.20853080568720378 0.04072096128170895
4 0.7280805687203792 0.36114819759679573 0.4443127962085308 0.08945260347129506
4 0.731042654028436 0.4552736982643525 0.45734597156398105 0.09879839786381843
4 0.7316350710900474 0.5213618157543392 0.46327014218009477 0.03871829105473965
4 0.7274881516587678 0.5530707610146862 0.4431279620853081 0.02336448598130841
4 0.7274881516587678 0.5781041388518025 0.45023696682464454 0.028037383177570093
4 0.25 0.260347129506008 0.45023696682464454 0.03871829105473965
4 0.7280805687203792 0.2780373831775701 0.4490521327014218 0.07009345794392523
4 0.2292654028436019 0.30874499332443256 0.4087677725118483 0.0540720961281709
4 0.23163507109004738 0.36315086782376504 0.41113744075829384 0.0534045393858478
4 0.24585308056872038 0.41688918558077437 0.4395734597156398 0.0540720961281709
4 0.24881516587677724 0.47296395193591456 0.44075829383886256 0.0540720961281709
4 0.2505924170616114 0.5230307076101469 0.46327014218009477 0.05540720961281709
4 0.24407582938388625 0.5727636849132176 0.45023696682464454 0.042723631508678236
