2 0.1435483870967742 0.951539338654504 0.21129032258064517 0.05017103762827822
4 0.18548387096774194 0.08694412770809579 0.29193548387096774 0.1225769669327252
4 0.18306451612903227 0.1798745724059293 0.2903225806451613 0.05986316989737742
4 0.18225806451612903 0.24486887115165337 0.2806451612903226 0.062143671607753706
4 0.18387096774193548 0.31100342075256554 0.2870967741935484 0.07354618015963511
4 0.18024193548387096 0.37400228050171036 0.27661290322580645 0.04903078677309008
4 0.1814516129032258 0.4250285062713797 0.27419354838709675 0.05530216647662486
4 0.18225806451612903 0.6681870011402509 0.2725806451612903 0.43899657924743446
4 0.4939516129032258 0.11060433295324971 0.27661290322580645 0.1790193842645382
4 0.4931451612903226 0.2112314709236032 0.29758064516129035 0.03135689851767389
4 0.4915322580645161 0.29874572405929306 0.2911290322580645 0.14367160775370583
4 0.48951612903225805 0.4096351197263398 0.3 0.08608893956670467
4 0.4907258064516129 0.4732041049030787 0.29435483870967744 0.04561003420752566
4 0.4931451612903226 0.515678449258837 0.2879032258064516 0.04732041049030787
4 0.49233870967741933 0.6003420752565565 0.28951612903225804 0.12086659064994298
4 0.4935483870967742 0.7733751425313569 0.2870967741935484 0.2274800456100342
4 0.7955645161290322 0.05758266818700114 0.27661290322580645 0.06157354618015964
4 0.7959677419354839 0.10518814139110605 0.28225806451612906 0.03135689851767389
4 0.8028225806451613 0.13597491448118587 0.29596774193548386 0.03135689851767389
4 0.7915322580645161 0.18129988597491448 0.2879032258064516 0.059293044469783354
4 0.8004032258064516 0.23916761687571267 0.29435483870967744 0.06100342075256556
4 0.7963709677419355 0.3070125427594071 0.2862903225806452 0.07126567844925884
4 0.8080645161290323 0.3566134549600912 0.3064516129032258 0.03135689851767389
4 0.8040322580645162 0.3831242873432155 0.29838709677419356 0.02280501710376283
4 0.807258064516129 0.4290193842645382 0.3032258064516129 0.0701254275940707
4 0.7959677419354839 0.5276510832383124 0.28225806451612906 0.03249714937286203
4 0.7915322580645161 0.4866020524515393 0.2717741935483871 0.04732041049030787
4 0.8016129032258065 0.572405929304447 0.2838709677419355 0.05473204104903079
4 0.7983870967741935 0.6505131128848347 0.2870967741935484 0.10262257696693272
4 0.8004032258064516 0.7348916761687572 0.28951612903225804 0.06727480045610035
4 0.8060483870967742 0.7833523375142531 0.29758064516129035 0.03192702394526796
4 0.792741935483871 0.813854047890536 0.2854838709677419 0.03477765108323831
4 0.7975806451612903 0.8400798175598632 0.2887096774193548 0.022234891676168756
4 0.8032258064516129 0.8797035347776511 0.3 0.01596351197263398
